{"nbformat":4,"nbformat_minor":0,"metadata":{"colab":{"name":"Cuda.ipynb","provenance":[],"mount_file_id":"1vwlGFnAX81HNbXFrFcHEMBXGRpoV55gm","authorship_tag":"ABX9TyPso9ctAoPoxMrtmH09V6si"},"kernelspec":{"name":"python3","display_name":"Python 3"},"language_info":{"name":"python"},"accelerator":"GPU"},"cells":[{"cell_type":"code","execution_count":null,"metadata":{"colab":{"base_uri":"https://localhost:8080/"},"id":"BTpSXUhq6_co","executionInfo":{"status":"ok","timestamp":1654612232555,"user_tz":300,"elapsed":26,"user":{"displayName":"valeria gomez","userId":"02847089426411419894"}},"outputId":"8f66d357-193d-4aca-eb69-7e756f644ec8"},"outputs":[{"output_type":"stream","name":"stdout","text":["nvcc: NVIDIA (R) Cuda compiler driver\n","Copyright (c) 2005-2020 NVIDIA Corporation\n","Built on Mon_Oct_12_20:09:46_PDT_2020\n","Cuda compilation tools, release 11.1, V11.1.105\n","Build cuda_11.1.TC455_06.29190527_0\n"]}],"source":["!nvcc --version"]},{"cell_type":"code","source":["!cd drive/MyDrive/CUDA && nvcc sumMatrix.cu && ./a.out"],"metadata":{"id":"u5Hy8lOy7Mkl"},"execution_count":null,"outputs":[]},{"cell_type":"code","source":["!cd drive/MyDrive/CUDA && nvcc mulMatrix.cu && ./a.out"],"metadata":{"colab":{"base_uri":"https://localhost:8080/"},"id":"DhPeFDp3rSLI","executionInfo":{"status":"ok","timestamp":1654614000966,"user_tz":300,"elapsed":1654,"user":{"displayName":"valeria gomez","userId":"02847089426411419894"}},"outputId":"3eb57bb5-05df-4939-c9d4-0811f89e9e41"},"execution_count":null,"outputs":[{"output_type":"stream","name":"stdout","text":["VALORES DE MATRIZ A \n","    3   17   13    6    9\n","    2   10    3    0   12\n","   11    7    2    2    7\n","    9    2    9   13   11\n","    9    1    4   18   15\n","\n","\n"," VALORES DE MATRIZ A \n","    6   15   15   12    1\n","\n","    7   19    6    6   16\n","\n","    8    9   10    3   15\n","\n","    2   18    7   16    2\n","\n","   13   19   17    4   10\n","\n","RESULTADO DE MULTIPLICACION \n","       370       764       472       309       572\n","       262       475       324       141       327\n","       226       485       360       240       227\n","       309       697       515       399       312\n","       324       799       562       474       271\n"]}]}]}